obj suf "Я" {
atr "_BodyM_Я_#02"
opt ( id ( 121 ) )
prim uvpoly (
	  0.00  96.81 273.43  31.00   0.00
	  0.00 -98.19 273.43 223.00   0.00
	  0.00 -130.69  13.43 255.00 255.00
	  0.00 129.31  13.43   0.00 255.00
)
prim uvpoly (
	  0.00 129.31  13.43   0.00 255.00
	  0.00 -130.69  13.43 255.00 255.00
	  0.00 -98.19 273.43 223.00   0.00
	  0.00  96.81 273.43  31.00   0.00
)
atr "_BodyM_Я_#02"
opt ( id ( 122 ) )
prim uvpoly (
	-97.50  -0.69 273.43  31.00   0.00
	 97.50  -0.69 273.43 223.00   0.00
	130.00  -0.69  13.43 255.00 255.00
	-130.00  -0.69  13.43   0.00 255.00
)
prim uvpoly (
	-130.00  -0.69  13.43   0.00 255.00
	130.00  -0.69  13.43 255.00 255.00
	 97.50  -0.69 273.43 223.00   0.00
	-97.50  -0.69 273.43  31.00   0.00
)
}
