obj suf "–ØƒZƒbƒg" {
atr "_BodyM_–Ø_#02"
opt ( id ( 78 ) )
prim uvpoly (
	  1.00 477.81 273.43  31.00   0.00
	  1.00 282.81 273.43 223.00   0.00
	  1.00 250.31  13.43 255.00 255.00
	  1.00 510.31  13.43   0.00 255.00
)
prim uvpoly (
	  1.00 510.31  13.43   0.00 255.00
	  1.00 250.31  13.43 255.00 255.00
	  1.00 282.81 273.43 223.00   0.00
	  1.00 477.81 273.43  31.00   0.00
)
atr "_BodyM_–Ø_#02"
opt ( id ( 79 ) )
prim uvpoly (
	-96.50 380.31 273.43  31.00   0.00
	 98.50 380.31 273.43 223.00   0.00
	131.00 380.31  13.43 255.00 255.00
	-129.00 380.31  13.43   0.00 255.00
)
prim uvpoly (
	-129.00 380.31  13.43   0.00 255.00
	131.00 380.31  13.43 255.00 255.00
	 98.50 380.31 273.43 223.00   0.00
	-96.50 380.31 273.43  31.00   0.00
)
atr "_BodyM_–Ø_#02"
opt ( id ( 80 ) )
prim uvpoly (
	  1.00 217.81 273.43  31.00   0.00
	  1.00  22.81 273.43 223.00   0.00
	  1.00  -9.69  13.43 255.00 255.00
	  1.00 250.31  13.43   0.00 255.00
)
prim uvpoly (
	  1.00 250.31  13.43   0.00 255.00
	  1.00  -9.69  13.43 255.00 255.00
	  1.00  22.81 273.43 223.00   0.00
	  1.00 217.81 273.43  31.00   0.00
)
atr "_BodyM_–Ø_#02"
opt ( id ( 81 ) )
prim uvpoly (
	-96.50 120.31 273.43  31.00   0.00
	 98.50 120.31 273.43 223.00   0.00
	131.00 120.31  13.43 255.00 255.00
	-129.00 120.31  13.43   0.00 255.00
)
prim uvpoly (
	-129.00 120.31  13.43   0.00 255.00
	131.00 120.31  13.43 255.00 255.00
	 98.50 120.31 273.43 223.00   0.00
	-96.50 120.31 273.43  31.00   0.00
)
atr "_BodyM_–Ø_#02"
opt ( id ( 82 ) )
prim uvpoly (
	  1.00 -42.19 273.43  31.00   0.00
	  1.00 -237.19 273.43 223.00   0.00
	  1.00 -269.69  13.43 255.00 255.00
	  1.00  -9.69  13.43   0.00 255.00
)
prim uvpoly (
	  1.00  -9.69  13.43   0.00 255.00
	  1.00 -269.69  13.43 255.00 255.00
	  1.00 -237.19 273.43 223.00   0.00
	  1.00 -42.19 273.43  31.00   0.00
)
atr "_BodyM_–Ø_#02"
opt ( id ( 83 ) )
prim uvpoly (
	-96.50 -139.69 273.43  31.00   0.00
	 98.50 -139.69 273.43 223.00   0.00
	131.00 -139.69  13.43 255.00 255.00
	-129.00 -139.69  13.43   0.00 255.00
)
prim uvpoly (
	-129.00 -139.69  13.43   0.00 255.00
	131.00 -139.69  13.43 255.00 255.00
	 98.50 -139.69 273.43 223.00   0.00
	-96.50 -139.69 273.43  31.00   0.00
)
atr "_BodyM_–Ø_#02"
opt ( id ( 84 ) )
prim uvpoly (
	  1.00 -283.19 273.43  31.00   0.00
	  1.00 -478.19 273.43 223.00   0.00
	  1.00 -510.69  13.43 255.00 255.00
	  1.00 -250.69  13.43   0.00 255.00
)
prim uvpoly (
	  1.00 -250.69  13.43   0.00 255.00
	  1.00 -510.69  13.43 255.00 255.00
	  1.00 -478.19 273.43 223.00   0.00
	  1.00 -283.19 273.43  31.00   0.00
)
atr "_BodyM_–Ø_#02"
opt ( id ( 85 ) )
prim uvpoly (
	-96.50 -380.69 273.43  31.00   0.00
	 98.50 -380.69 273.43 223.00   0.00
	131.00 -380.69  13.43 255.00 255.00
	-129.00 -380.69  13.43   0.00 255.00
)
prim uvpoly (
	-129.00 -380.69  13.43   0.00 255.00
	131.00 -380.69  13.43 255.00 255.00
	 98.50 -380.69 273.43 223.00   0.00
	-96.50 -380.69 273.43  31.00   0.00
)
}
